All done the same format.  Included the edge of the screen just to follow the
pattern but you might not have to add those in.

Portal area:

(0, 96, 640, 640)	top
(0, 0, 640, 736)	left
(96, 96, 640, 736)	right
(0, 96, 736, 736)	bottom

NCP Friend (Lady)

(128, 192, 672, 672)
(128, 128, 672, 736)
(192, 192, 672, 736)
(128, 192, 736, 736)

Platform

(0, 96, 384, 384)
(0, 0, 384, 448)
(96, 96, 384, 448)
(0, 96, 448, 448)

Platform
(256, 736, 256, 256)
(256, 256, 256, 320)
(736, 736, 256, 320)
(256, 736, 320, 320)

Enemy NPC dialog collision
(448, 512, 320, 320)
(448, 448, 320, 736)
(512, 512, 320, 736)
(448, 512, 736, 736)

Platform
(736, 832, 448, 448)
(736, 736, 448, 512)
(832, 832, 448, 512)
(736, 832, 512, 512)

Platform
(928, 1024, 288, 288)
(928, 928, 288, 352)
(1024, 1024, 288, 352)
(928, 1024, 352, 352)

Pedistal formation
(960, 1024, 608, 608)
(960, 960, 608, 736)
(1024, 1024, 608, 736)
(960, 1024, 736, 736)

Ground
(0, 1024, 736, 736)
(0, 0, 736, 768)
(1024, 1024, 736, 768)
(0, 1024, 768, 768)